01111111111111111111111111100100
00100000100100000100001001000010
00001001000001000010041100111111
10011111110011400001001001000000
00100100100000010010010000000010
01001000222111100111333311100111
12220001000000010000100000001000
00010000000100001000000010000001
11111111000011111111100000010010
00030000300001001000000100100003
00003000010010000001001003333333
33300100100001110010030000000030
01001110010000133300000000333100
00100100001003000000003001000010
01111110030000000030011111100000
00100300066000300100000000000010
03333333333001000000011111100300
00000030011111100100100003000000
00300001001001001000030011110030
00010010010011111100100100111111
00100100000001001001001000000010
01000000010010010010000000100411
11111111100111111111114000000030
01000000001003000000000000300100
00000010030000002222223001111111
111003222222