01111111111110011111111111100100
10000000100100000001001004001000
00001001000000010040010011100111
11111110011100100100001001000000
00100100001001000010010000000010
01000010011111111100333300111111
11100001000001003003001000001000
00010000010030030010000010000001
00111133300333111100100000010010
00003003000001001000000111100000
30030000011110000003001003333333
33300100300022230010030000000030
01003222000000100300000000300100
00000000001333000000003331000000
22230010030000000030010032220003
00100300066000300100300000011110
03333333333001111000000100000000
30030000000010000001000000003003
00000000100001111110011110011110
01111110010000100100100100100100
00100100001001001001001001000010
01001111110010010011111100100100
10000100111100100001001004001000
01000000001000010040010010000100
00000010000100100111111111111111
111111111110