01111110011111111110011111100100
00100100000000100100001001000010
01000000001001000010011111100111
10011110011111100100001000001001
00000100001001000010000010010000
01000010041100111111133111111100
11400001001001000000001001001000
00010010010000000010010010000111
11100111100111100111111001000030
00003003000003000010010000300000
30030000030000100100333333333333
33333333001001003000030000000030
00030010010030000300000000300003
00100133333003000000003003333310
01000030030000000030030000100100
00300300066000300300001001003333
33333333333333330010010030000300
00000030000300102111100003000000
00300001111200001001111111111111
10010000000010010000100100001001
00000111100100001001000010011110
01001001000010010000100100100100
11111111100111111111001004000000
01001001001000000040010000000100
10010010000000100111111111001111
001111111110