01111111111111111111111111100100
00100100000000100100001004000010
01000000001001000040010000100111
10011110010000100100001000001001
00000100001001000010000010010000
01000010011111111111133111111111
11100001000001000000001000001000
00010000010000000010000010000001
11111133300333111111100000010000
00003003000000001000000100000000
30030000000010002221333003333333
33300333122200010030030000000030
03001000000100300300000000300300
10000001003333000000003333001000
00010000030000000030000010000001
00000300066000300000100000013333
33333333333333331000000100000300
00000030000010000001000003000000
00300000100022210011111110011111
11001222000100100000100100000100
10000001001000001001000001001000
00010010000010010000010010000111
11111111111111111111111001000010
01000000001001000010040000100100
00000010010000400111111001111111
111001111110